loading.jpg
['SWVL']
[[359, 890, 402, 84]]
location.jpg
['Whe', 're', 'to?', 'ON']
[[303, 1198, 148, 116], [455, 1196, 94, 117], [578, 1195, 138, 101], [528, 1341, 84, 40]]
logout.jpg
['LOO', 'Log', 'out', 'all', '1', 'get', 'it']
[[939, 158, 192, 166], [920, 162, 227, 153], [1178, 162, 217, 69], [864, 438, 139, 112], [509, 456, 90, 90], [1226, 754, 170, 64], [1457, 758, 56, 49]]
twitter.jpg
['HOME']
[[396, 116, 295, 106]]
login.jpg
['Logm', 'Name', 'Email', 'Save']
[[87, 53, 37, 22], [27, 104, 31, 11], [23, 134, 32, 12], [195, 203, 32, 12]]